
2048, 2049, 2051, 2053, 2055, 2057, 2059, 2061, 2063, 2065, 2066, 2068, 
2070, 2072, 2074, 2076, 2077, 2079, 2081, 2083, 2085, 2086, 2088, 2090, 
2092, 2093, 2095, 2097, 2098, 2100, 2102, 2103, 2105, 2106, 2108, 2109, 
2111, 2112, 2114, 2115, 2117, 2118, 2119, 2121, 2122, 2123, 2124, 2126, 
2127, 2128, 2129, 2130, 2131, 2132, 2133, 2134, 2135, 2136, 2137, 2138, 
2138, 2139, 2140, 2141, 2141, 2142, 2143, 2143, 2144, 2144, 2145, 2145, 
2146, 2146, 2146, 2146, 2147, 2147, 2147, 2147, 2147, 2147, 2147, 2147, 
2147, 2147, 2147, 2147, 2147, 2147, 2146, 2146, 2146, 2146, 2145, 2145, 
2144, 2144, 2143, 2143, 2142, 2141, 2141, 2140, 2139, 2138, 2138, 2137, 
2136, 2135, 2134, 2133, 2132, 2131, 2130, 2129, 2128, 2127, 2126, 2124, 
2123, 2122, 2121, 2119, 2118, 2117, 2115, 2114, 2112, 2111, 2109, 2108, 
2106, 2105, 2103, 2102, 2100, 2098, 2097, 2095, 2093, 2092, 2090, 2088, 
2086, 2085, 2083, 2081, 2079, 2077, 2076, 2074, 2072, 2070, 2068, 2066, 
2065, 2063, 2061, 2059, 2057, 2055, 2053, 2051, 2049, 2048, 2046, 2044, 
2042, 2040, 2038, 2036, 2034, 2032, 2030, 2029, 2027, 2025, 2023, 2021, 
2019, 2018, 2016, 2014, 2012, 2010, 2009, 2007, 2005, 2003, 2002, 2000, 
1998, 1997, 1995, 1993, 1992, 1990, 1989, 1987, 1986, 1984, 1983, 1981, 
1980, 1978, 1977, 1976, 1974, 1973, 1972, 1971, 1969, 1968, 1967, 1966, 
1965, 1964, 1963, 1962, 1961, 1960, 1959, 1958, 1957, 1957, 1956, 1955, 
1954, 1954, 1953, 1952, 1952, 1951, 1951, 1950, 1950, 1949, 1949, 1949, 
1949, 1948, 1948, 1948, 1948, 1948, 1948, 1948, 1948, 1948, 1948, 1948, 
1948, 1948, 1948, 1949, 1949, 1949, 1949, 1950, 1950, 1951, 1951, 1952, 
1952, 1953, 1954, 1954, 1955, 1956, 1957, 1957, 1958, 1959, 1960, 1961, 
1962, 1963, 1964, 1965, 1966, 1967, 1968, 1969, 1971, 1972, 1973, 1974, 
1976, 1977, 1978, 1980, 1981, 1983, 1984, 1986, 1987, 1989, 1990, 1992, 
1993, 1995, 1997, 1998, 2000, 2002, 2003, 2005, 2007, 2009, 2010, 2012, 
2014, 2016, 2018, 2019, 2021, 2023, 2025, 2027, 2029, 2030, 2032, 2034, 
2036, 2038, 2040, 2042, 2044, 2046, 